0 22680
10 37784
20 51384
30 52301
40 51515
50 48483
60 44364
70 40529
80 35766
90 31617
100 28037
110 24690
120 21532
130 18979
140 16848
150 14543
160 13080
170 11975
180 10186
190 9145
200 7952
210 7118
220 6033
230 5316
240 4501
250 4205
260 3508
270 3036
280 2740
290 2569
300 2210
310 1932
320 1745
330 1546
340 1426
350 1222
360 989
370 890
380 799
390 764
400 650
410 609
420 530
430 461
440 476
450 419
460 382
470 345
480 294
490 252
500 201
510 207
520 184
530 180
540 162
550 178
560 254
570 165
580 123
590 163
600 106
610 118
620 72
630 116
640 130
650 47
660 53
670 36
680 44
690 32
700 41
710 40
720 47
730 60
740 32
750 12
760 31
770 23
780 34
790 27
800 27
810 19
820 33
830 11
840 18
850 10
860 11
870 7
880 18
890 11
900 6
910 4
920 4
930 6
940 4
950 7
960 11
970 10
980 1
990 7
1000 7
1010 5
1020 9
1030 3
1040 4
1050 3
1060 5
1070 3
1080 2
1090 4
1100 6
1110 3
1120 4
1130 7
1140 5
1150 2
1160 1
1170 6
1180 2
1190 2
1200 3
1210 4
1220 6
1230 1
1250 1
1260 1
1270 1
1280 1
1300 1
1310 1
1320 2
1330 1
1340 2
1350 1
1360 1
1370 2
1380 1
1390 1
1410 1
1440 1
1500 1
1520 1
1640 1
1660 1
1670 2
1680 1
1700 2
1710 1
1720 1
1730 1
1800 1
1810 2
4240 1
