0 6
10 51
20 150
30 244
40 327
50 355
60 408
70 375
80 376
90 323
100 292
110 280
120 234
130 195
140 172
150 137
160 132
170 120
180 86
190 75
200 74
210 65
220 59
230 52
240 45
250 41
260 47
270 32
280 25
290 24
300 16
310 14
320 18
330 19
340 15
350 17
360 11
370 15
380 10
390 14
400 13
410 13
420 9
430 3
440 9
450 7
460 6
470 12
480 2
490 6
500 6
510 2
520 3
530 4
540 5
550 2
560 5
570 4
580 3
590 2
600 1
610 1
620 1
630 3
650 3
660 1
680 2
700 1
730 3
770 1
780 2
810 2
840 2
860 1
870 1
880 1
890 1
920 2
930 1
1000 1
1010 1
1040 1
1120 1
1350 1
1410 1
1900 1
1940 1
2000 1
